1
4
6
9
10
11
13
12
14
15
16
18
17
20
22
21
23
24
26
25
28
29
34
31
35
36
37
38
42
41
40
43
32
45
46
47
48
49
50
55
52
53
54
56
58
57
62
60
65
61
63
67
68
69
71
70
73
74
76
75
79
78
77
80
81
82
85
84
86
87
89
90
92
91
94
96
93
98
99
101
104
106
112
114
116
117
118
121
123
125
126
128
129
130
132
133
135
136
140
142
144
146
147
150
152
153
155
156
157
159
162
166
167
173
179
181
182
184
187
188
189
191
195
198
203
200
204
206
207
209
210
215
216
217
219
223
221
222
226
224
231
228
232
233
234
235
236
241
242
243
245
247
248
252
253
255
257
258
262
259
264
263
265
267
268
269
270
272
280
281
296
291
299
302
301
304
305
306
308
309
310
311
312
314
313
315
316
317
318
319
321
320
322
323
324
325
327
328
329
330
331
332
333
334
335
337
338
339
340
341
342
345
344
346
347
348
349
350
351
353
352
354
355
356
357
358
359
361
362
363
364
366
367
368
370
372
371
373
375
377
379
378
382
384
386
388
385
389
390
391
394
392
395
396
397
398
400
401
399
403
405
407
408
409
410
413
411
416
417
419
423
424
426
425
428
430
431
434
433
436
437
438
439
440
441
443
444
445
448
452
453
456
457
461
459
463
466
469
467
478
475
482
483
485
487
486
488
489
490
491
497
498
499
501
502
504
509
507
510
511
512
513
0
514
