2020(1)
2020(10)
2020(100)
2020(1000)
2020(1001)
2020(1003)
2020(1005)
2020(1009)
2020(101)
2020(1010)
2020(1012)
2020(1013)
2020(1014)
2020(1016)
2020(1017)
2020(102)
2020(1021)
2020(1022)
2020(1023)
2020(1024)
2020(1026)
2020(1027)
2020(1028)
2020(1029)
2020(103)
2020(1030)
2020(1031)
2020(1032)
2020(1033)
2020(1034)
2020(1035)
2020(1036)
2020(1037)
2020(1038)
2020(1039)
2020(1040)
2020(1041)
2020(1042)
2020(1043)
2020(1044)
2020(1045)
2020(1047)
2020(1048)
2020(1049)
2020(105)
2020(1052)
2020(1054)
2020(1055)
2020(1056)
2020(1057)
2020(1058)
2020(1059)
2020(1060)
2020(1061)
2020(1062)
2020(1063)
2020(1064)
2020(1067)
2020(1068)
2020(1069)
2020(107)
2020(1072)
2020(1073)
2020(1074)
2020(1075)
2020(1077)
2020(1078)
2020(108)
2020(1081)
2020(1084)
2020(1085)
2020(1086)
2020(1087)
2020(1088)
2020(1089)
2020(109)
2020(1091)
2020(1092)
2020(1093)
2020(1094)
2020(1095)
2020(1096)
2020(1098)
2020(1099)
2020(110)
2020(1100)
2020(1101)
2020(1102)
2020(1103)
2020(1104)
2020(1105)
2020(1106)
2020(1107)
2020(1108)
2020(12)
2020(1113)
2020(1114)
2020(1116)
2020(1117)
2020(1118)
2020(1119)
2020(112)
2020(1120)
2020(1121)
2020(1122)
2020(1123)
2020(1124)
2020(1126)
2020(1127)
2020(1128)
2020(1129)
2020(113)
2020(1130)
2020(1131)
2020(1132)
2020(1133)
2020(1135)
2020(1136)
2020(1137)
2020(1138)
2020(1139)
2020(114)
2020(1140)
2020(1141)
2020(1142)
2020(1143)
2020(1144)
2020(1145)
2020(1146)
2020(1149)
2020(1150)
2020(1151)
2020(1152)
2020(1153)
2020(1154)
2020(1156)
2020(1157)
2020(1158)
2020(1159)
2020(116)
2020(1160)
2020(1161)
2020(1162)
2020(1163)
2020(1164)
2020(1165)
2020(1166)
2020(1167)
2020(1168)
2020(1169)
2020(117)
2020(1170)
2020(1171)
2020(1172)
2020(1175)
2020(1176)
2020(1177)
2020(1178)
2020(1179)
2020(118)
2020(1180)
2020(1181)
2020(1182)
2020(1185)
2020(1186)
2020(1188)
2020(1189)
2020(119)
2020(1190)
2020(1191)
2020(1192)
2020(1194)
2020(1195)
2020(1196)
2020(1197)
2020(1199)
2020(120)
2020(1200)
2020(1202)
2020(1205)
2020(1206)
2020(1207)
2020(1208)
2020(1209)
2020(1212)
2020(1213)
2020(1214)
2020(1215)
2020(1216)
2020(1218)
2020(1219)
2020(122)
2020(1220)
2020(1222)
2020(1223)
2020(1224)
2020(1227)
2020(1228)
2020(1229)
2020(123)
2020(1231)
2020(1232)
2020(1233)
2020(1234)
2020(1235)
2020(1236)
2020(1238)
2020(1239)
2020(124)
2020(1240)
2020(1241)
2020(1242)
2020(1243)
2020(1244)
2020(1245)
2020(1246)
2020(1248)
2020(125)
2020(1250)
2020(1251)
2020(1252)
2020(1253)
2020(1254)
2020(1255)
2020(1256)
2020(1258)
2020(126)
2020(1260)
2020(1261)
2020(1262)
2020(1263)
2020(1264)
2020(1265)
2020(1266)
2020(1268)
2020(1269)
2020(127)
2020(1270)
2020(1271)
2020(1272)
2020(1274)
2020(1275)
2020(1276)
2020(1277)
2020(1278)
2020(1279)
2020(128)
2020(1281)
2020(1282)
2020(1284)
2020(1286)
2020(1287)
2020(1288)
2020(1289)
2020(129)
2020(1290)
2020(1291)
2020(1292)
2020(1293)
2020(1294)
2020(1295)
2020(1297)
2020(1298)
2020(1299)
2020(13)
2020(1300)
2020(1301)
2020(1302)
2020(1303)
2020(1304)
2020(1305)
2020(1306)
2020(1307)
2020(1308)
2020(1309)
2020(131)
2020(1310)
2020(1312)
2020(1313)
2020(1315)
2020(1316)
2020(1317)
2020(1318)
2020(1319)
2020(1320)
2020(1321)
2020(1322)
2020(1323)
2020(1324)
2020(1325)
2020(1326)
2020(1327)
2020(1328)
2020(1329)
2020(133)
2020(1330)
2020(1331)
2020(1332)
2020(1333)
2020(1334)
2020(1335)
2020(1336)
2020(1337)
2020(1338)
2020(1339)
2020(134)
2020(1340)
2020(1341)
2020(1342)
2020(1343)
2020(1344)
2020(1346)
2020(1348)
2020(1349)
2020(135)
2020(1351)
2020(1352)
2020(1353)
2020(1354)
2020(1356)
2020(1358)
2020(1359)
2020(136)
2020(1360)
2020(1361)
2020(1362)
2020(1363)
2020(1365)
2020(1366)
2020(1367)
2020(1368)
2020(1369)
2020(137)
2020(1370)
2020(1371)
2020(1372)
2020(1373)
2020(1374)
2020(1376)
2020(138)
2020(1380)
2020(1381)
2020(1382)
2020(1383)
2020(1384)
2020(1385)
2020(1386)
2020(1387)
2020(1388)
2020(1391)
2020(1394)
2020(1396)
2020(1397)
2020(1398)
2020(1399)
2020(14)
2020(140)
2020(1400)
2020(1401)
2020(1402)
2020(1403)
2020(1404)
2020(1406)
2020(1407)
2020(1409)
2020(141)
2020(1411)
2020(1412)
2020(1413)
2020(1415)
2020(1416)
2020(1417)
2020(1418)
2020(142)
2020(1421)
2020(1422)
2020(1424)
2020(1425)
2020(1426)
2020(1427)
2020(1428)
2020(1429)
2020(143)
2020(1430)
2020(1431)
2020(1433)
2020(1434)
2020(1436)
2020(1437)
2020(1438)
2020(1439)
2020(144)
2020(1440)
2020(1441)
2020(1442)
2020(1443)
2020(1444)
2020(1445)
2020(1446)
2020(1447)
2020(145)
2020(1450)
2020(1451)
2020(1452)
2020(1455)
2020(1456)
2020(1457)
2020(1458)
2020(1459)
2020(146)
2020(1460)
2020(1461)
2020(1462)
2020(1464)
2020(1465)
2020(1466)
2020(1467)
2020(1468)
2020(1469)
2020(147)
2020(1470)
2020(1471)
2020(1473)
2020(1474)
2020(1475)
2020(1476)
2020(1477)
2020(148)
2020(1481)
2020(1483)
2020(1484)
2020(1485)
2020(1486)
2020(1487)
2020(1488)
2020(149)
2020(1490)
2020(1493)
2020(1494)
2020(1495)
2020(1496)
2020(1497)
2020(1498)
2020(1499)
2020(15)
2020(150)
2020(1500)
2020(1501)
2020(1502)
2020(1503)
2020(1504)
2020(1505)
2020(1507)
2020(1508)
2020(1509)
2020(1511)
2020(1513)
2020(1514)
2020(1515)
2020(1516)
2020(1517)
2020(1518)
2020(1519)
2020(152)
2020(1520)
2020(1521)
2020(1522)
2020(1523)
2020(1524)
2020(1526)
2020(1527)
2020(1528)
2020(1529)
2020(153)
2020(1530)
2020(1531)
2020(1532)
2020(1533)
2020(1534)
2020(1535)
2020(1536)
2020(1537)
2020(1538)
2020(1539)
2020(154)
2020(1540)
2020(1542)
2020(1543)
2020(1544)
2020(1545)
2020(1546)
2020(1547)
2020(1548)
2020(155)
2020(1550)
2020(1551)
2020(1553)
2020(1554)
2020(1555)
2020(1556)
2020(1557)
2020(1558)
2020(1559)
2020(156)
2020(1560)
2020(1561)
2020(1562)
2020(1563)
2020(1564)
2020(1565)
2020(1566)
2020(1567)
2020(1568)
2020(1569)
2020(1570)
2020(1571)
2020(1574)
2020(1575)
2020(1576)
2020(1577)
2020(1578)
2020(1579)
2020(1580)
2020(1581)
2020(1582)
2020(1583)
2020(1584)
2020(1585)
2020(1586)
2020(1588)
2020(1589)
2020(1590)
2020(1591)
2020(1592)
2020(1593)
2020(1594)
2020(1595)
2020(1596)
2020(1597)
2020(16)
2020(1601)
2020(1602)
2020(1603)
2020(1604)
2020(1605)
2020(1607)
2020(1608)
2020(1609)
2020(161)
2020(1610)
2020(1611)
2020(1612)
2020(1613)
2020(1614)
2020(1615)
2020(1616)
2020(1617)
2020(1619)
2020(162)
2020(1620)
2020(1621)
2020(1622)
2020(1623)
2020(1624)
2020(1626)
2020(1628)
2020(1629)
2020(163)
2020(1630)
2020(1631)
2020(1632)
2020(1633)
2020(1634)
2020(1635)
2020(1637)
2020(1638)
2020(1640)
2020(1641)
2020(1642)
2020(1643)
2020(1644)
2020(1645)
2020(1646)
2020(1647)
2020(1649)
2020(1650)
2020(1651)
2020(1652)
2020(1653)
2020(1654)
2020(1655)
2020(1656)
2020(1657)
2020(1658)
2020(1659)
2020(166)
2020(1660)
2020(1661)
2020(1662)
2020(1663)
2020(1664)
2020(1665)
2020(1666)
2020(1667)
2020(1668)
2020(1669)
2020(167)
2020(1670)
2020(1671)
2020(1672)
2020(1675)
2020(1676)
2020(1677)
2020(1678)
2020(168)
2020(1680)
2020(1681)
2020(1682)
2020(1683)
2020(1684)
2020(1686)
2020(1687)
2020(1688)
2020(1689)
2020(169)
2020(1690)
2020(1691)
2020(1692)
2020(1694)
2020(1696)
2020(1697)
2020(17)
2020(170)
2020(1700)
2020(1701)
2020(1702)
2020(1703)
2020(1704)
2020(1705)
2020(1706)
2020(1707)
2020(1708)
2020(1709)
2020(171)
2020(1710)
2020(1711)
2020(1712)
2020(1714)
2020(1716)
2020(1717)
2020(1718)
2020(1720)
2020(1721)
2020(1722)
2020(1724)
2020(1725)
2020(1728)
2020(1729)
2020(173)
2020(1730)
2020(1732)
2020(1733)
2020(1734)
2020(1736)
2020(174)
2020(1740)
2020(1742)
2020(1743)
2020(1744)
2020(1745)
2020(1746)
2020(1747)
2020(1748)
2020(1749)
2020(175)
2020(1750)
2020(1751)
2020(1752)
2020(1753)
2020(1754)
2020(1755)
2020(1756)
2020(1757)
2020(1758)
2020(1759)
2020(176)
2020(1760)
2020(1761)
2020(1762)
2020(1763)
2020(1764)
2020(1765)
2020(1768)
2020(177)
2020(1770)
2020(1771)
2020(1772)
2020(1773)
2020(1774)
2020(1775)
2020(1777)
2020(178)
2020(1781)
2020(1783)
2020(1785)
2020(1786)
2020(1787)
2020(1788)
2020(1790)
2020(1791)
2020(1792)
2020(1793)
2020(1794)
2020(1795)
2020(1797)
2020(1799)
2020(18)
2020(180)
2020(1800)
2020(1801)
2020(1802)
2020(1803)
2020(1805)
2020(1806)
2020(1807)
2020(1808)
2020(1809)
2020(181)
2020(1810)
2020(1811)
2020(1812)
2020(1813)
2020(1814)
2020(1815)
2020(1816)
2020(1817)
2020(1818)
2020(1819)
2020(182)
2020(1820)
2020(1821)
2020(1822)
2020(1823)
2020(1824)
2020(1825)
2020(1826)
2020(1827)
2020(1828)
2020(1829)
2020(183)
2020(1830)
2020(1831)
2020(1832)
2020(1833)
2020(1834)
2020(1835)
2020(1836)
2020(1837)
2020(1838)
2020(1839)
2020(1840)
2020(1842)
2020(1843)
2020(1844)
2020(1845)
2020(1846)
2020(1847)
2020(1848)
2020(1849)
2020(185)
2020(1850)
2020(1851)
2020(1852)
2020(1853)
2020(1854)
2020(1855)
2020(1856)
2020(1857)
2020(1858)
2020(1859)
2020(186)
2020(1860)
2020(1861)
2020(1862)
2020(1864)
2020(1866)
2020(1867)
2020(1868)
2020(1869)
2020(187)
2020(1870)
2020(1871)
2020(1872)
2020(1873)
2020(1874)
2020(1875)
2020(1876)
2020(1877)
2020(1879)
2020(188)
2020(1880)
2020(1881)
2020(1882)
2020(1883)
2020(1884)
2020(1885)
2020(1886)
2020(1888)
2020(1889)
2020(189)
2020(1891)
2020(1892)
2020(1893)
2020(1894)
2020(1895)
2020(1896)
2020(1897)
2020(1898)
2020(1899)
2020(19)
2020(1900)
2020(1901)
2020(1903)
2020(1904)
2020(1905)
2020(1906)
2020(1907)
2020(1908)
2020(191)
2020(1910)
2020(1911)
2020(1914)
2020(1915)
2020(1916)
2020(1917)
2020(1919)
2020(192)
2020(1922)
2020(1923)
2020(1924)
2020(1925)
2020(1926)
2020(1927)
2020(193)
2020(1930)
2020(1931)
2020(1933)
2020(1934)
2020(1937)
2020(1938)
2020(1940)
2020(1941)
2020(1942)
2020(1943)
2020(1945)
2020(1946)
2020(1947)
2020(1948)
2020(1949)
2020(1950)
2020(1951)
2020(1952)
2020(1953)
2020(1954)
2020(1955)
2020(1956)
2020(1957)
2020(1958)
2020(1959)
2020(196)
2020(1961)
2020(1962)
2020(1963)
2020(1964)
2020(1965)
2020(1966)
2020(1967)
2020(1969)
2020(197)
2020(1970)
2020(1971)
2020(1972)
2020(1973)
2020(1974)
2020(1976)
2020(1978)
2020(1979)
2020(1980)
2020(1982)
2020(1984)
2020(1988)
2020(1989)
2020(199)
2020(1990)
2020(1992)
2020(1993)
2020(1994)
2020(1995)
2020(1996)
2020(1997)
2020(1998)
2020(1999)
2020(2)
2020(200)
2020(2000)
2020(2001)
2020(2002)
2020(2004)
2020(2006)
2020(2008)
2020(2009)
2020(201)
2020(2010)
2020(2011)
2020(2012)
2020(2013)
2020(2014)
2020(2016)
2020(2018)
2020(202)
2020(2020)
2020(2021)
2020(2022)
2020(2023)
2020(2024)
2020(2025)
2020(2026)
2020(2027)
2020(2028)
2020(2029)
2020(203)
2020(2031)
2020(2032)
2020(2034)
2020(2035)
2020(2036)
2020(2037)
2020(2038)
2020(2039)
2020(204)
2020(2040)
2020(2041)
2020(2042)
2020(2043)
2020(2046)
2020(2047)
2020(2048)
2020(2049)
2020(205)
2020(2050)
2020(2052)
2020(2053)
2020(2054)
2020(2056)
2020(2057)
2020(2058)
2020(206)
2020(2060)
2020(2061)
2020(2062)
2020(2063)
2020(2065)
2020(2066)
2020(2067)
2020(2068)
2020(2069)
2020(207)
2020(2070)
2020(2071)
2020(2072)
2020(2073)
2020(2075)
2020(2076)
2020(2077)
2020(2078)
2020(208)
2020(2080)
2020(2082)
2020(2083)
2020(2084)
2020(2085)
2020(2088)
2020(2090)
2020(2092)
2020(2093)
2020(2094)
2020(2095)
2020(2096)
2020(2097)
2020(2098)
2020(2099)
2020(2100)
2020(2101)
2020(2102)
2020(2104)
2020(2105)
2020(2106)
2020(2107)
2020(2108)
2020(2109)
2020(211)
2020(2110)
2020(2111)
2020(2112)
2020(2113)
2020(2114)
2020(2116)
2020(2117)
2020(2119)
2020(212)
2020(2120)
2020(2121)
2020(2122)
2020(2123)
2020(2124)
2020(2126)
2020(2127)
2020(2128)
2020(2129)
2020(213)
2020(2130)
2020(2131)
2020(2132)
2020(2133)
2020(2134)
2020(2135)
2020(2136)
2020(2137)
2020(2138)
2020(214)
2020(2140)
2020(2141)
2020(2142)
2020(2143)
2020(2144)
2020(2145)
2020(2147)
2020(2148)
2020(2149)
2020(215)
2020(2150)
2020(2152)
2020(2153)
2020(2154)
2020(2155)
2020(2156)
2020(2157)
2020(2158)
2020(2159)
2020(216)
2020(2161)
2020(2162)
2020(2163)
2020(2164)
2020(2165)
2020(2166)
2020(2167)
2020(2168)
2020(2170)
2020(2172)
2020(2174)
2020(2176)
2020(2177)
2020(2178)
2020(2179)
2020(218)
2020(2180)
2020(2181)
2020(2182)
2020(2183)
2020(2184)
2020(2185)
2020(2186)
2020(2187)
2020(2188)
2020(2189)
2020(219)
2020(2190)
2020(2192)
2020(2193)
2020(2194)
2020(2195)
2020(2196)
2020(2199)
2020(220)
2020(2201)
2020(2202)
2020(2204)
2020(2205)
2020(2206)
2020(2207)
2020(2208)
2020(2209)
2020(221)
2020(2210)
2020(2211)
2020(2212)
2020(2214)
2020(2215)
2020(2216)
2020(2217)
2020(2219)
2020(222)
2020(2220)
2020(2224)
2020(2225)
2020(2226)
2020(2227)
2020(2228)
2020(223)
2020(2230)
2020(2231)
2020(2232)
2020(2233)
2020(2235)
2020(2236)
2020(2237)
2020(2238)
2020(2239)
2020(224)
2020(2240)
2020(2241)
2020(2242)
2020(2243)
2020(2244)
2020(2245)
2020(2246)
2020(2247)
2020(2248)
2020(2249)
2020(225)
2020(2250)
2020(2251)
2020(2252)
2020(2253)
2020(2254)
2020(2255)
2020(2256)
2020(2257)
2020(2258)
2020(2259)
2020(226)
2020(2260)
2020(2261)
2020(2262)
2020(2263)
2020(2264)
2020(2265)
2020(2266)
2020(2268)
2020(2269)
2020(227)
2020(2270)
2020(2272)
2020(2273)
2020(2274)
2020(2275)
2020(2277)
2020(2278)
2020(228)
2020(2280)
2020(2281)
2020(2282)
2020(2283)
2020(2284)
2020(2285)
2020(2286)
2020(2287)
2020(2288)
2020(2289)
2020(2290)
2020(2291)
2020(2292)
2020(2293)
2020(2294)
2020(2295)
2020(2296)
2020(2297)
2020(2298)
2020(2299)
2020(2301)
2020(2302)
2020(2303)
2020(2304)
2020(2306)
2020(2309)
2020(231)
2020(2310)
2020(2312)
2020(2313)
2020(2314)
2020(2315)
2020(2318)
2020(2319)
2020(2320)
2020(2321)
2020(2322)
2020(2323)
2020(2326)
2020(2327)
2020(2328)
2020(2329)
2020(233)
2020(2331)
2020(2332)
2020(2333)
2020(2334)
2020(2335)
2020(2336)
2020(2337)
2020(2339)
2020(234)
2020(2340)
2020(2341)
2020(2342)
2020(2345)
2020(2346)
2020(2347)
2020(2349)
2020(235)
2020(2350)
2020(2351)
2020(2352)
2020(2354)
2020(2355)
2020(2356)
2020(2357)
2020(2358)
2020(2359)
2020(236)
2020(2360)
2020(2361)
2020(2362)
2020(2363)
2020(2364)
2020(2365)
2020(2366)
2020(2367)
2020(2368)
2020(2369)
2020(237)
2020(2370)
2020(2371)
2020(2372)
2020(2373)
2020(2374)
2020(2379)
2020(238)
2020(2382)
2020(2383)
2020(2384)
2020(2385)
2020(2386)
2020(2387)
2020(2389)
2020(2390)
2020(2391)
2020(2393)
2020(2394)
2020(2395)
2020(2396)
2020(2397)
2020(2398)
2020(240)
2020(2400)
2020(2401)
2020(2403)
2020(2404)
2020(2405)
2020(2406)
2020(2407)
2020(2408)
2020(2409)
2020(2410)
2020(2411)
2020(2412)
2020(2413)
2020(2414)
2020(2416)
2020(2417)
2020(2418)
2020(2420)
2020(2421)
2020(2423)
2020(2424)
2020(2425)
2020(2426)
2020(2427)
2020(2428)
2020(2429)
2020(243)
2020(2430)
2020(2431)
2020(2432)
2020(2433)
2020(2434)
2020(2435)
2020(2436)
2020(2437)
2020(2439)
2020(244)
2020(2442)
2020(2443)
2020(2444)
2020(2446)
2020(2447)
2020(2448)
2020(2449)
2020(245)
2020(2450)
2020(2451)
2020(2452)
2020(2453)
2020(2454)
2020(2455)
2020(2456)
2020(2457)
2020(2458)
2020(2459)
2020(246)
2020(2460)
2020(2461)
2020(2463)
2020(2464)
2020(2465)
2020(2466)
2020(2467)
2020(2468)
2020(2469)
2020(247)
2020(2470)
2020(2471)
2020(2472)
2020(2473)
2020(2474)
2020(2476)
2020(2478)
2020(2479)
2020(248)
2020(2482)
2020(2483)
2020(2484)
2020(2485)
2020(2486)
2020(2487)
2020(2488)
2020(2489)
2020(249)
2020(2490)
2020(2491)
2020(2493)
2020(2494)
2020(2495)
2020(2496)
2020(2497)
2020(2498)
2020(2499)
2020(25)
2020(250)
2020(2500)
2020(2501)
2020(2502)
2020(2506)
2020(2507)
2020(2508)
2020(2509)
2020(251)
2020(2510)
2020(2511)
2020(2512)
2020(2514)
2020(2516)
2020(2517)
2020(2518)
2020(2519)
2020(2520)
2020(2522)
2020(2523)
2020(2524)
2020(2525)
2020(2526)
2020(2527)
2020(2528)
2020(2529)
2020(2530)
2020(2531)
2020(2533)
2020(2534)
2020(2535)
2020(2537)
2020(2538)
2020(2539)
2020(254)
2020(2542)
2020(2544)
2020(2545)
2020(2546)
2020(2547)
2020(2548)
2020(2549)
2020(255)
2020(2550)
2020(2551)
2020(2553)
2020(2554)
2020(2555)
2020(2556)
2020(2557)
2020(2558)
2020(2559)
2020(2560)
2020(2561)
2020(2562)
2020(2563)
2020(2564)
2020(2568)
2020(2569)
2020(257)
2020(2570)
2020(2572)
2020(2573)
2020(2574)
2020(2575)
2020(2576)
2020(2577)
2020(2579)
2020(2580)
2020(2581)
2020(2582)
2020(2583)
2020(2584)
2020(2585)
2020(2586)
2020(2587)
2020(2588)
2020(2589)
2020(259)
2020(2591)
2020(2592)
2020(2593)
2020(2594)
2020(2595)
2020(2596)
2020(2597)
2020(2598)
2020(2599)
2020(26)
2020(260)
2020(2600)
2020(2601)
2020(2602)
2020(2604)
2020(2606)
2020(2607)
2020(2609)
2020(261)
2020(2610)
2020(2611)
2020(2612)
2020(2613)
2020(2614)
2020(2615)
2020(2616)
2020(2617)
2020(2619)
2020(262)
2020(2620)
2020(2621)
2020(2622)
2020(2623)
2020(2625)
2020(2626)
2020(2627)
2020(2628)
2020(2629)
2020(263)
2020(2630)
2020(2632)
2020(2633)
2020(2636)
2020(2637)
2020(2638)
2020(264)
2020(2640)
2020(2641)
2020(2642)
2020(2644)
2020(2645)
2020(2649)
2020(265)
2020(2650)
2020(2651)
2020(2652)
2020(2653)
2020(2654)
2020(2655)
2020(2656)
2020(2657)
2020(2658)
2020(2659)
2020(266)
2020(2660)
2020(2661)
2020(2663)
2020(2664)
2020(2665)
2020(2666)
2020(2667)
2020(2669)
2020(2671)
2020(2673)
2020(2674)
2020(2675)
2020(2676)
2020(2678)
2020(2679)
2020(268)
2020(2681)
2020(2682)
2020(2683)
2020(2684)
2020(2685)
2020(2686)
2020(2687)
2020(2688)
2020(2689)
2020(269)
2020(2690)
2020(2691)
2020(2693)
2020(2695)
2020(2696)
2020(2697)
2020(2698)
2020(2699)
2020(270)
2020(2700)
2020(2701)
2020(2702)
2020(2703)
2020(2704)
2020(2705)
2020(2706)
2020(2708)
2020(2709)
2020(271)
2020(2711)
2020(2712)
2020(2713)
2020(2714)
2020(2715)
2020(2716)
2020(2717)
2020(2719)
2020(2720)
2020(2723)
2020(2724)
2020(2726)
2020(2727)
2020(2728)
2020(2729)
2020(273)
2020(2730)
2020(2732)
2020(2733)
2020(2734)
2020(2735)
2020(2736)
2020(2737)
2020(2738)
2020(2739)
2020(274)
2020(2740)
2020(2741)
2020(2742)
2020(2743)
2020(2744)
2020(2745)
2020(2746)
2020(2747)
2020(2748)
2020(2749)
2020(275)
2020(2751)
2020(2752)
2020(2753)
2020(2754)
2020(2755)
2020(2756)
2020(2757)
2020(2758)
2020(2759)
2020(276)
2020(2760)
2020(2761)
2020(2762)
2020(2763)
2020(2764)
2020(2765)
2020(2766)
2020(2767)
2020(2769)
2020(277)
2020(2770)
2020(2771)
2020(2772)
2020(2773)
2020(2774)
2020(2776)
2020(2777)
2020(2779)
2020(278)
2020(2780)
2020(2782)
2020(2783)
2020(2785)
2020(2786)
2020(2788)
2020(2789)
2020(2790)
2020(2791)
2020(2792)
2020(2793)
2020(2794)
2020(2795)
2020(2796)
2020(2797)
2020(2798)
2020(2799)
2020(28)
2020(280)
2020(2802)
2020(2803)
2020(2806)
2020(2807)
2020(2809)
2020(281)
2020(2810)
2020(2812)
2020(2813)
2020(2814)
2020(2816)
2020(2818)
2020(2819)
2020(282)
2020(2820)
2020(2821)
2020(2822)
2020(2825)
2020(2826)
2020(2827)
2020(2829)
2020(283)
2020(2830)
2020(2831)
2020(2832)
2020(2833)
2020(2834)
2020(2836)
2020(2837)
2020(2838)
2020(2839)
2020(2842)
2020(2843)
2020(2844)
2020(2845)
2020(2848)
2020(2849)
2020(285)
2020(2850)
2020(2852)
2020(2855)
2020(2856)
2020(2857)
2020(2858)
2020(2859)
2020(286)
2020(2861)
2020(2862)
2020(2863)
2020(2865)
2020(2866)
2020(2867)
2020(2868)
2020(2869)
2020(287)
2020(2870)
2020(2871)
2020(2872)
2020(2873)
2020(2874)
2020(2876)
2020(2877)
2020(2878)
2020(2879)
2020(288)
2020(2880)
2020(2881)
2020(2883)
2020(2886)
2020(2887)
2020(2888)
2020(2889)
2020(2890)
2020(2891)
2020(2892)
2020(2894)
2020(2895)
2020(2897)
2020(2898)
2020(2899)
2020(29)
2020(290)
2020(2900)
2020(2901)
2020(2902)
2020(2903)
2020(2904)
2020(2905)
2020(2906)
2020(2907)
2020(2908)
2020(2909)
2020(291)
2020(2910)
2020(2911)
2020(2912)
2020(2914)
2020(2915)
2020(2917)
2020(2918)
2020(2919)
2020(292)
2020(2920)
2020(2921)
2020(2922)
2020(2923)
2020(2924)
2020(2925)
2020(2926)
2020(2927)
2020(2928)
2020(2929)
2020(293)
2020(2930)
2020(2931)
2020(2932)
2020(2934)
2020(2935)
2020(2936)
2020(2937)
2020(2938)
2020(2939)
2020(294)
2020(2940)
2020(2941)
2020(2942)
2020(2943)
2020(2944)
2020(2945)
2020(2946)
2020(2947)
2020(295)
2020(2950)
2020(2951)
2020(2952)
2020(2953)
2020(2954)
2020(2955)
2020(2956)
2020(2957)
2020(2958)
2020(2959)
2020(296)
2020(2960)
2020(2961)
2020(2962)
2020(2963)
2020(2964)
2020(2965)
2020(2966)
2020(2967)
2020(2969)
2020(2970)
2020(2971)
2020(2973)
2020(2975)
2020(2976)
2020(2977)
2020(2978)
2020(2979)
2020(2980)
2020(2981)
2020(2982)
2020(2984)
2020(2986)
2020(2988)
2020(2989)
2020(299)
2020(2990)
2020(2991)
2020(2992)
2020(2993)
2020(2994)
2020(2995)
2020(2996)
2020(2997)
2020(2999)
2020(3)
2020(300)
2020(3000)
2020(3001)
2020(3003)
2020(3004)
2020(3006)
2020(3008)
2020(3009)
2020(3010)
2020(3012)
2020(3013)
2020(3015)
2020(3016)
2020(3017)
2020(302)
2020(3020)
2020(3022)
2020(3023)
2020(3024)
2020(3026)
2020(3027)
2020(3028)
2020(303)
2020(3030)
2020(3031)
2020(3032)
2020(3033)
2020(3034)
2020(3037)
2020(3038)
2020(3040)
2020(3041)
2020(3042)
2020(3043)
2020(3044)
2020(3045)
2020(3046)
2020(3048)
2020(3049)
2020(305)
2020(3050)
2020(3051)
2020(3052)
2020(3053)
2020(3054)
2020(3055)
2020(3056)
2020(3057)
2020(3058)
2020(3059)
2020(306)
2020(3060)
2020(3061)
2020(3062)
2020(3063)
2020(3065)
2020(3066)
2020(3067)
2020(3068)
2020(3069)
2020(307)
2020(3070)
2020(3071)
2020(3072)
2020(3073)
2020(3074)
2020(3075)
2020(3076)
2020(3077)
2020(3078)
2020(3079)
2020(308)
2020(3080)
2020(3082)
2020(3083)
2020(3084)
2020(3085)
2020(3086)
2020(3087)
2020(3089)
2020(309)
2020(3090)
2020(3091)
2020(3093)
2020(3096)
2020(3099)
2020(31)
2020(310)
2020(3100)
2020(3101)
2020(3102)
2020(3103)
2020(3104)
2020(3107)
2020(3108)
2020(3109)
2020(311)
2020(3110)
2020(3111)
2020(3112)
2020(3113)
2020(3114)
2020(3115)
2020(3116)
2020(3117)
2020(3118)
2020(3119)
2020(312)
2020(3120)
2020(3121)
2020(3122)
2020(3126)
2020(3127)
2020(3128)
2020(3129)
2020(313)
2020(3130)
2020(3131)
2020(3132)
2020(3135)
2020(3136)
2020(3137)
2020(3138)
2020(314)
2020(3140)
2020(3141)
2020(3142)
2020(3144)
2020(3146)
2020(3147)
2020(3148)
2020(3149)
2020(3150)
2020(3151)
2020(3152)
2020(3153)
2020(3154)
2020(3155)
2020(3156)
2020(3157)
2020(3158)
2020(3159)
2020(316)
2020(3160)
2020(3161)
2020(3162)
2020(3163)
2020(3164)
2020(3165)
2020(3167)
2020(3168)
2020(3169)
2020(317)
2020(3170)
2020(3171)
2020(3172)
2020(3173)
2020(3174)
2020(3175)
2020(3176)
2020(3178)
2020(3179)
2020(318)
2020(3181)
2020(3182)
2020(3183)
2020(3184)
2020(3185)
2020(3187)
2020(3189)
2020(319)
2020(3190)
2020(3191)
2020(3192)
2020(3193)
2020(3194)
2020(3195)
2020(3196)
2020(3197)
2020(3198)
2020(3199)
2020(32)
2020(320)
2020(3200)
2020(3201)
2020(3202)
2020(3203)
2020(3204)
2020(3205)
2020(3208)
2020(3209)
2020(321)
2020(3210)
2020(3211)
2020(3212)
2020(3213)
2020(3214)
2020(3215)
2020(3216)
2020(3218)
2020(322)
2020(3220)
2020(3221)
2020(3222)
2020(3223)
2020(3225)
2020(3226)
2020(3227)
2020(3229)
2020(323)
2020(3230)
2020(3231)
2020(3232)
2020(3233)
2020(3234)
2020(3236)
2020(3237)
2020(3238)
2020(3239)
2020(324)
2020(3240)
2020(3241)
2020(3242)
2020(3243)
2020(3244)
2020(3246)
2020(3247)
2020(3248)
2020(3249)
2020(325)
2020(3250)
2020(3251)
2020(3252)
2020(3253)
2020(3254)
2020(3255)
2020(3256)
2020(3257)
2020(3258)
2020(3259)
2020(326)
2020(3261)
2020(3262)
2020(3263)
2020(3264)
2020(3265)
2020(3266)
2020(3268)
2020(3269)
2020(327)
2020(3270)
2020(3271)
2020(3272)
2020(3273)
2020(3274)
2020(3275)
2020(3277)
2020(3278)
2020(328)
2020(3281)
2020(3282)
2020(3283)
2020(3285)
2020(3286)
2020(3287)
2020(3288)
2020(3289)
2020(329)
2020(3290)
2020(3291)
2020(3292)
2020(3293)
2020(3295)
2020(3297)
2020(3298)
2020(3299)
2020(33)
2020(330)
2020(3300)
2020(3302)
2020(3303)
2020(3304)
2020(3305)
2020(3307)
2020(3308)
2020(3309)
2020(331)
2020(3310)
2020(3311)
2020(3312)
2020(3313)
2020(3314)
2020(3316)
2020(3319)
2020(332)
2020(3320)
2020(3321)
2020(3323)
2020(3324)
2020(3325)
2020(3326)
2020(3327)
2020(3328)
2020(3329)
2020(3330)
2020(3331)
2020(3332)
2020(3333)
2020(3334)
2020(3335)
2020(3336)
2020(3337)
2020(3338)
2020(3339)
2020(334)
2020(3340)
2020(3341)
2020(3344)
2020(3345)
2020(3346)
2020(3347)
2020(3349)
2020(335)
2020(3350)
2020(3351)
2020(3352)
2020(3353)
2020(3354)
2020(3355)
2020(3357)
2020(3359)
2020(336)
2020(3360)
2020(3362)
2020(3363)
2020(3364)
2020(3365)
2020(3366)
2020(3367)
2020(3368)
2020(3369)
2020(337)
2020(3372)
2020(3373)
2020(3374)
2020(3376)
2020(3377)
2020(3378)
2020(3379)
2020(338)
2020(3381)
2020(3383)
2020(3384)
2020(3385)
2020(3386)
2020(3387)
2020(3388)
2020(3389)
2020(339)
2020(3390)
2020(3391)
2020(3392)
2020(3393)
2020(3394)
2020(3395)
2020(3396)
2020(3397)
2020(3398)
2020(3399)
2020(340)
2020(3400)
2020(3401)
2020(3402)
2020(3403)
2020(3404)
2020(3406)
2020(3407)
2020(3408)
2020(3409)
2020(341)
2020(3411)
2020(3412)
2020(3413)
2020(3414)
2020(3415)
2020(3417)
2020(3419)
2020(3420)
2020(3421)
2020(3422)
2020(3423)
2020(3424)
2020(3425)
2020(3426)
2020(3427)
2020(3428)
2020(343)
2020(3430)
2020(3431)
2020(3432)
2020(3433)
2020(3435)
2020(3436)
2020(3438)
2020(344)
2020(3440)
2020(3441)
2020(3442)
2020(3443)
2020(3446)
2020(3447)
2020(3448)
2020(345)
2020(3451)
2020(3452)
2020(3453)
2020(3455)
2020(3456)
2020(3457)
2020(3458)
2020(3460)
2020(3461)
2020(3462)
2020(3463)
2020(3464)
2020(3465)
2020(3466)
2020(3468)
2020(3469)
2020(347)
2020(3470)
2020(3471)
2020(3472)
2020(3473)
2020(3474)
2020(3475)
2020(3476)
2020(3477)
2020(3479)
2020(348)
2020(3481)
2020(3482)
2020(3483)
2020(3484)
2020(3486)
2020(3487)
2020(3488)
2020(349)
2020(3490)
2020(3491)
2020(3492)
2020(3493)
2020(3494)
2020(3495)
2020(3496)
2020(3497)
2020(3498)
2020(3499)
2020(35)
2020(350)
2020(3500)
2020(3501)
2020(3502)
2020(3503)
2020(3504)
2020(3505)
2020(3506)
2020(3507)
2020(3509)
2020(351)
2020(3511)
2020(3512)
2020(3513)
2020(3514)
2020(3516)
2020(3517)
2020(3518)
2020(3519)
2020(352)
2020(3521)
2020(3522)
2020(3523)
2020(3524)
2020(3525)
2020(3526)
2020(3527)
2020(3528)
2020(3529)
2020(353)
2020(3530)
2020(3531)
2020(3532)
2020(3533)
2020(3534)
2020(3535)
2020(3537)
2020(3538)
2020(3540)
2020(3541)
2020(3543)
2020(3546)
2020(3547)
2020(3548)
2020(3549)
2020(355)
2020(3550)
2020(3551)
2020(3552)
2020(3553)
2020(3554)
2020(3556)
2020(3558)
2020(3559)
2020(356)
2020(3560)
2020(3562)
2020(3563)
2020(3564)
2020(3565)
2020(3568)
2020(357)
2020(3570)
2020(3571)
2020(3574)
2020(3575)
2020(3576)
2020(3578)
2020(3579)
2020(358)
2020(3581)
2020(3582)
2020(3583)
2020(3584)
2020(3585)
2020(3586)
2020(3587)
2020(3588)
2020(359)
2020(3590)
2020(3591)
2020(3593)
2020(3595)
2020(3596)
2020(3597)
2020(3598)
2020(3599)
2020(36)
2020(3600)
2020(3603)
2020(3604)
2020(3605)
2020(3606)
2020(3608)
2020(3609)
2020(361)
2020(3610)
2020(3611)
2020(3612)
2020(3613)
2020(3614)
2020(3615)
2020(3617)
2020(3618)
2020(362)
2020(3620)
2020(3622)
2020(3624)
2020(3625)
2020(3626)
2020(3628)
2020(3629)
2020(363)
2020(3631)
2020(3632)
2020(3635)
2020(3637)
2020(3638)
2020(3639)
2020(364)
2020(3642)
2020(3643)
2020(3644)
2020(3645)
2020(3646)
2020(3647)
2020(3648)
2020(3649)
2020(3650)
2020(3651)
2020(3652)
2020(3653)
2020(3654)
2020(3655)
2020(3656)
2020(3657)
2020(3658)
2020(366)
2020(3660)
2020(3662)
2020(3663)
2020(3664)
2020(3665)
2020(3666)
2020(3667)
2020(3668)
2020(3669)
2020(3670)
2020(3671)
2020(3672)
2020(3673)
2020(3674)
2020(3675)
2020(3678)
2020(3679)
2020(368)
2020(3680)
2020(3682)
2020(3683)
2020(3684)
2020(3685)
2020(3687)
2020(3688)
2020(3689)
2020(369)
2020(3690)
2020(3691)
2020(3692)
2020(3693)
2020(3694)
2020(3695)
2020(3696)
2020(3697)
2020(3698)
2020(3699)
2020(37)
2020(370)
2020(3700)
2020(3701)
2020(3702)
2020(3704)
2020(3705)
2020(3706)
2020(3707)
2020(3710)
2020(3712)
2020(3713)
2020(3714)
2020(3716)
2020(3717)
2020(3718)
2020(3719)
2020(3720)
2020(3721)
2020(3722)
2020(3723)
2020(3724)
2020(3725)
2020(3726)
2020(3727)
2020(3728)
2020(3729)
2020(373)
2020(3730)
2020(3732)
2020(3733)
2020(3734)
2020(3735)
2020(3736)
2020(3739)
2020(374)
2020(3740)
2020(3742)
2020(3743)
2020(3744)
2020(3746)
2020(3747)
2020(3748)
2020(3749)
2020(375)
2020(3750)
2020(3752)
2020(3753)
2020(3754)
2020(3755)
2020(3756)
2020(3757)
2020(3758)
2020(3759)
2020(376)
2020(3760)
2020(3761)
2020(3762)
2020(3763)
2020(3764)
2020(3766)
2020(3767)
2020(377)
2020(3771)
2020(3772)
2020(3775)
2020(3776)
2020(3778)
2020(378)
2020(3780)
2020(3781)
2020(3782)
2020(3783)
2020(3784)
2020(3785)
2020(3786)
2020(3789)
2020(3791)
2020(3792)
2020(3793)
2020(3795)
2020(3796)
2020(3797)
2020(3799)
2020(38)
2020(380)
2020(3800)
2020(3802)
2020(3804)
2020(3806)
2020(3808)
2020(3809)
2020(381)
2020(3810)
2020(3813)
2020(3814)
2020(3815)
2020(3816)
2020(3817)
2020(3818)
2020(3819)
2020(382)
2020(3820)
2020(3821)
2020(3822)
2020(3823)
2020(3826)
2020(3828)
2020(3829)
2020(383)
2020(3830)
2020(3831)
2020(3832)
2020(3833)
2020(3834)
2020(3835)
2020(384)
2020(386)
2020(387)
2020(388)
2020(389)
2020(39)
2020(392)
2020(393)
2020(394)
2020(395)
2020(396)
2020(397)
2020(398)
2020(399)
2020(4)
2020(40)
2020(400)
2020(401)
2020(403)
2020(404)
2020(406)
2020(407)
2020(408)
2020(409)
2020(41)
2020(411)
2020(412)
2020(413)
2020(416)
2020(417)
2020(418)
2020(419)
2020(42)
2020(420)
2020(421)
2020(423)
2020(424)
2020(425)
2020(426)
2020(427)
2020(429)
2020(43)
2020(430)
2020(431)
2020(432)
2020(433)
2020(434)
2020(435)
2020(436)
2020(437)
2020(438)
2020(441)
2020(443)
2020(444)
2020(445)
2020(447)
2020(448)
2020(449)
2020(45)
2020(450)
2020(451)
2020(453)
2020(454)
2020(455)
2020(457)
2020(458)
2020(459)
2020(461)
2020(462)
2020(464)
2020(465)
2020(466)
2020(467)
2020(468)
2020(469)
2020(47)
2020(471)
2020(473)
2020(474)
2020(475)
2020(476)
2020(477)
2020(478)
2020(48)
2020(480)
2020(481)
2020(482)
2020(483)
2020(485)
2020(486)
2020(487)
2020(488)
2020(489)
2020(490)
2020(491)
2020(492)
2020(493)
2020(494)
2020(495)
2020(496)
2020(497)
2020(498)
2020(50)
2020(500)
2020(501)
2020(502)
2020(504)
2020(505)
2020(506)
2020(507)
2020(508)
2020(51)
2020(510)
2020(511)
2020(513)
2020(515)
2020(516)
2020(517)
2020(518)
2020(519)
2020(52)
2020(520)
2020(521)
2020(522)
2020(523)
2020(524)
2020(525)
2020(528)
2020(529)
2020(53)
2020(530)
2020(532)
2020(533)
2020(534)
2020(535)
2020(536)
2020(537)
2020(538)
2020(539)
2020(540)
2020(541)
2020(543)
2020(544)
2020(546)
2020(547)
2020(548)
2020(549)
2020(550)
2020(551)
2020(552)
2020(553)
2020(554)
2020(555)
2020(556)
2020(557)
2020(559)
2020(56)
2020(560)
2020(561)
2020(562)
2020(563)
2020(567)
2020(568)
2020(569)
2020(57)
2020(571)
2020(572)
2020(574)
2020(575)
2020(576)
2020(577)
2020(578)
2020(579)
2020(580)
2020(581)
2020(582)
2020(583)
2020(584)
2020(585)
2020(586)
2020(587)
2020(588)
2020(589)
2020(590)
2020(592)
2020(593)
2020(594)
2020(595)
2020(596)
2020(597)
2020(599)
2020(6)
2020(60)
2020(600)
2020(601)
2020(602)
2020(603)
2020(604)
2020(606)
2020(607)
2020(61)
2020(610)
2020(611)
2020(612)
2020(613)
2020(614)
2020(615)
2020(618)
2020(619)
2020(62)
2020(620)
2020(621)
2020(622)
2020(624)
2020(625)
2020(626)
2020(627)
2020(628)
2020(629)
2020(630)
2020(631)
2020(632)
2020(634)
2020(636)
2020(637)
2020(638)
2020(639)
2020(640)
2020(641)
2020(642)
2020(643)
2020(644)
2020(645)
2020(646)
2020(647)
2020(648)
2020(649)
2020(65)
2020(651)
2020(652)
2020(653)
2020(654)
2020(656)
2020(659)
2020(66)
2020(660)
2020(661)
2020(662)
2020(663)
2020(664)
2020(665)
2020(667)
2020(668)
2020(669)
2020(67)
2020(671)
2020(672)
2020(674)
2020(675)
2020(676)
2020(677)
2020(678)
2020(679)
2020(68)
2020(680)
2020(681)
2020(682)
2020(683)
2020(684)
2020(685)
2020(686)
2020(687)
2020(688)
2020(689)
2020(69)
2020(690)
2020(692)
2020(693)
2020(698)
2020(699)
2020(70)
2020(700)
2020(701)
2020(702)
2020(704)
2020(705)
2020(706)
2020(707)
2020(709)
2020(71)
2020(710)
2020(711)
2020(712)
2020(713)
2020(714)
2020(715)
2020(716)
2020(717)
2020(718)
2020(719)
2020(72)
2020(720)
2020(721)
2020(722)
2020(723)
2020(724)
2020(728)
2020(729)
2020(730)
2020(731)
2020(732)
2020(733)
2020(734)
2020(735)
2020(736)
2020(737)
2020(738)
2020(74)
2020(740)
2020(741)
2020(742)
2020(745)
2020(746)
2020(747)
2020(748)
2020(749)
2020(75)
2020(750)
2020(751)
2020(752)
2020(753)
2020(754)
2020(755)
2020(756)
2020(757)
2020(758)
2020(759)
2020(76)
2020(760)
2020(761)
2020(763)
2020(764)
2020(766)
2020(767)
2020(768)
2020(769)
2020(77)
2020(770)
2020(772)
2020(773)
2020(774)
2020(775)
2020(776)
2020(78)
2020(780)
2020(782)
2020(783)
2020(784)
2020(786)
2020(787)
2020(788)
2020(789)
2020(79)
2020(790)
2020(794)
2020(795)
2020(796)
2020(797)
2020(798)
2020(799)
2020(8)
2020(800)
2020(801)
2020(802)
2020(803)
2020(804)
2020(805)
2020(806)
2020(809)
2020(81)
2020(810)
2020(811)
2020(812)
2020(813)
2020(814)
2020(816)
2020(817)
2020(819)
2020(82)
2020(821)
2020(822)
2020(823)
2020(824)
2020(825)
2020(826)
2020(827)
2020(828)
2020(829)
2020(83)
2020(830)
2020(831)
2020(832)
2020(833)
2020(835)
2020(836)
2020(837)
2020(839)
2020(84)
2020(840)
2020(841)
2020(842)
2020(844)
2020(845)
2020(846)
2020(85)
2020(850)
2020(852)
2020(853)
2020(854)
2020(855)
2020(856)
2020(857)
2020(859)
2020(86)
2020(860)
2020(861)
2020(862)
2020(864)
2020(865)
2020(866)
2020(868)
2020(869)
2020(87)
2020(870)
2020(871)
2020(872)
2020(874)
2020(875)
2020(876)
2020(877)
2020(878)
2020(88)
2020(880)
2020(881)
2020(882)
2020(883)
2020(884)
2020(886)
2020(887)
2020(888)
2020(889)
2020(890)
2020(891)
2020(892)
2020(893)
2020(894)
2020(895)
2020(896)
2020(897)
2020(898)
2020(899)
2020(9)
2020(90)
2020(900)
2020(901)
2020(902)
2020(903)
2020(904)
2020(905)
2020(906)
2020(907)
2020(910)
2020(911)
2020(912)
2020(913)
2020(914)
2020(915)
2020(916)
2020(917)
2020(919)
2020(920)
2020(922)
2020(923)
2020(926)
2020(927)
2020(928)
2020(929)
2020(930)
2020(931)
2020(933)
2020(934)
2020(935)
2020(936)
2020(938)
2020(94)
2020(941)
2020(942)
2020(943)
2020(945)
2020(946)
2020(947)
2020(948)
2020(949)
2020(950)
2020(952)
2020(953)
2020(954)
2020(955)
2020(956)
2020(957)
2020(958)
2020(959)
2020(96)
2020(961)
2020(962)
2020(963)
2020(964)
2020(965)
2020(966)
2020(967)
2020(968)
2020(969)
2020(97)
2020(970)
2020(971)
2020(972)
2020(973)
2020(974)
2020(976)
2020(978)
2020(979)
2020(98)
2020(980)
2020(981)
2020(983)
2020(984)
2020(985)
2020(986)
2020(988)
2020(989)
2020(99)
2020(990)
2020(991)
2020(992)
2020(993)
2020(996)
2020(997)
